UserID: 1452389189 | Time: 2024-05-24 22:54:51.072631 | Command: /bgmi | Target: 20.235.92.127 | Port: 21390 | Time: 80
Username: @FLAMExMASTER
Target: 20.235.92.127
Port: 21390
Time: 80

UserID: 1452389189 | Time: 2024-05-24 22:55:08.916193 | Command: /bgmi | Target: 20.235.92.127 | Port: 21390 | Time: 180
Username: @FLAMExMASTER
Target: 20.235.92.127
Port: 21390
Time: 180

